1	633.0	480.0	
7	1489.0	576.0	
2	352.0	640.0	0
2	416.0	640.0	0
2	480.0	640.0	0
2	544.0	640.0	0
2	608.0	640.0	0
2	672.0	640.0	0
2	736.0	640.0	0
2	800.0	640.0	0
2	864.0	640.0	0
2	928.0	640.0	0
2	992.0	640.0	0
2	1056.0	640.0	0
2	1120.0	640.0	0
2	1184.0	640.0	0
2	1248.0	640.0	0
2	1312.0	640.0	0
2	1376.0	640.0	0
2	1440.0	640.0	0
2	1504.0	640.0	0
2	1568.0	640.0	0
2	1632.0	640.0	0
2	1696.0	640.0	0
2	1280.0	576.0	0
2	352.0	704.0	2
2	352.0	768.0	2
2	352.0	832.0	2
2	416.0	704.0	2
2	416.0	768.0	2
2	416.0	832.0	2
2	480.0	704.0	2
2	480.0	768.0	2
2	480.0	832.0	2
2	544.0	704.0	2
2	544.0	768.0	2
2	544.0	832.0	2
2	608.0	704.0	2
2	608.0	768.0	2
2	608.0	832.0	2
2	672.0	704.0	2
2	672.0	768.0	2
2	672.0	832.0	2
2	736.0	704.0	2
2	736.0	768.0	2
2	736.0	832.0	2
2	800.0	704.0	2
2	800.0	768.0	2
2	800.0	832.0	2
2	800.0	896.0	2
2	864.0	704.0	2
2	864.0	768.0	2
2	864.0	832.0	2
2	864.0	896.0	2
2	928.0	704.0	2
2	928.0	768.0	2
2	928.0	832.0	2
2	928.0	896.0	2
2	992.0	704.0	2
2	992.0	768.0	2
2	992.0	832.0	2
2	992.0	896.0	2
2	1056.0	704.0	2
2	1056.0	768.0	2
2	1056.0	832.0	2
2	1056.0	896.0	2
2	1120.0	704.0	2
2	1120.0	768.0	2
2	1120.0	832.0	2
2	1120.0	896.0	2
2	1184.0	704.0	2
2	1184.0	768.0	2
2	1184.0	832.0	2
2	1184.0	896.0	2
2	1248.0	704.0	2
2	1248.0	768.0	2
2	1248.0	832.0	2
2	1248.0	896.0	2
2	1312.0	704.0	2
2	1312.0	768.0	2
2	1312.0	832.0	2
2	1312.0	896.0	2
2	1376.0	704.0	2
2	1376.0	768.0	2
2	1376.0	832.0	2
2	1376.0	896.0	2
2	1440.0	704.0	2
2	1440.0	768.0	2
2	1440.0	832.0	2
2	1440.0	896.0	2
2	1504.0	704.0	2
2	1504.0	768.0	2
2	1504.0	832.0	2
2	1504.0	896.0	2
2	1568.0	704.0	2
2	1568.0	768.0	2
2	1568.0	832.0	2
2	1568.0	896.0	2
2	1632.0	704.0	2
2	1632.0	768.0	2
2	1632.0	832.0	2
2	1632.0	896.0	2
2	1696.0	704.0	2
2	1696.0	768.0	2
2	1696.0	832.0	2
2	1696.0	896.0	2
2	2016.0	640.0	0
2	2080.0	640.0	0
2	2144.0	640.0	0
2	2208.0	640.0	0
2	2272.0	640.0	0
2	2336.0	640.0	0
2	2400.0	640.0	0
2	2464.0	640.0	0
2	2528.0	640.0	0
2	2592.0	640.0	0
2	2656.0	640.0	0
2	2720.0	640.0	0
2	2784.0	640.0	0
2	2848.0	640.0	0
2	2912.0	640.0	0
2	2976.0	640.0	0
2	3040.0	640.0	0
2	2016.0	704.0	2
2	2016.0	768.0	2
2	2016.0	832.0	2
2	2016.0	896.0	2
2	2016.0	960.0	2
2	2080.0	704.0	2
2	2080.0	768.0	2
2	2080.0	832.0	2
2	2080.0	896.0	2
2	2080.0	960.0	2
2	2144.0	704.0	2
2	2144.0	768.0	2
2	2144.0	832.0	2
2	2144.0	896.0	2
2	2144.0	960.0	2
2	2208.0	704.0	2
2	2208.0	768.0	2
2	2208.0	832.0	2
2	2208.0	896.0	2
2	2208.0	960.0	2
2	2272.0	704.0	2
2	2272.0	768.0	2
2	2272.0	832.0	2
2	2272.0	896.0	2
2	2272.0	960.0	2
2	2336.0	704.0	2
2	2336.0	768.0	2
2	2336.0	832.0	2
2	2336.0	896.0	2
2	2336.0	960.0	2
2	2400.0	704.0	2
2	2400.0	768.0	2
2	2400.0	832.0	2
2	2400.0	896.0	2
2	2400.0	960.0	2
2	2464.0	704.0	2
2	2464.0	768.0	2
2	2464.0	832.0	2
2	2464.0	896.0	2
2	2464.0	960.0	2
2	2528.0	704.0	2
2	2528.0	768.0	2
2	2528.0	832.0	2
2	2528.0	896.0	2
2	2528.0	960.0	2
2	2592.0	704.0	2
2	2592.0	768.0	2
2	2592.0	832.0	2
2	2592.0	896.0	2
2	2592.0	960.0	2
2	2656.0	704.0	2
2	2656.0	768.0	2
2	2656.0	832.0	2
2	2656.0	896.0	2
2	2656.0	960.0	2
2	2720.0	704.0	2
2	2720.0	768.0	2
2	2720.0	832.0	2
2	2720.0	896.0	2
2	2720.0	960.0	2
2	2784.0	704.0	2
2	2784.0	768.0	2
2	2784.0	832.0	2
2	2784.0	896.0	2
2	2784.0	960.0	2
2	2848.0	704.0	2
2	2848.0	768.0	2
2	2848.0	832.0	2
2	2848.0	896.0	2
2	2848.0	960.0	2
2	2912.0	704.0	2
2	2912.0	768.0	2
2	2912.0	832.0	2
2	2912.0	896.0	2
2	2912.0	960.0	2
2	2976.0	704.0	2
2	2976.0	768.0	2
2	2976.0	832.0	2
2	2976.0	896.0	2
2	2976.0	960.0	2
2	3040.0	704.0	2
2	3040.0	768.0	2
2	3040.0	832.0	2
2	3040.0	896.0	2
2	3040.0	960.0	2
2	1696.0	960.0	2
2	1696.0	1024.0	2
2	1696.0	1088.0	2
2	1696.0	1408.0	2
2	2016.0	1024.0	2
2	2016.0	1088.0	2
2	1632.0	1472.0	2
2	1568.0	1472.0	2
2	1504.0	1472.0	2
2	928.0	960.0	2
2	928.0	1024.0	2
2	992.0	960.0	2
2	992.0	1024.0	2
2	1056.0	960.0	2
2	1056.0	1024.0	2
2	1120.0	960.0	2
2	1120.0	1024.0	2
2	1184.0	960.0	2
2	1184.0	1024.0	2
2	1248.0	960.0	2
2	1248.0	1024.0	2
2	1312.0	960.0	2
2	1312.0	1024.0	2
2	1376.0	960.0	2
2	1376.0	1024.0	2
2	1440.0	960.0	2
2	1440.0	1024.0	2
2	1504.0	960.0	2
2	1504.0	1024.0	2
2	1568.0	960.0	2
2	1568.0	1024.0	2
2	1632.0	960.0	2
2	1632.0	1024.0	2
2	992.0	1088.0	2
2	1056.0	1088.0	2
2	1120.0	1088.0	2
2	1184.0	1088.0	2
2	1248.0	1088.0	2
2	1312.0	1088.0	2
2	1376.0	1088.0	2
2	1440.0	1088.0	2
2	1504.0	1088.0	2
2	1568.0	1088.0	2
2	1632.0	1088.0	2
2	928.0	1088.0	2
2	1696.0	1344.0	0
2	928.0	1472.0	2
2	992.0	1472.0	2
2	1056.0	1472.0	2
2	1120.0	1472.0	2
2	1184.0	1472.0	2
2	1248.0	1472.0	2
2	1312.0	1472.0	2
2	1376.0	1472.0	2
2	1440.0	1472.0	2
2	288.0	1408.0	2
2	288.0	1472.0	2
2	288.0	1536.0	2
2	288.0	1600.0	2
2	608.0	1408.0	2
2	352.0	1408.0	2
2	352.0	1472.0	2
2	352.0	1536.0	2
2	352.0	1600.0	2
2	672.0	1408.0	2
2	416.0	1408.0	2
2	416.0	1472.0	2
2	416.0	1536.0	2
2	416.0	1600.0	2
2	736.0	1408.0	2
2	800.0	960.0	2
2	800.0	1024.0	2
2	800.0	1088.0	2
2	480.0	1408.0	2
2	480.0	1472.0	2
2	480.0	1536.0	2
2	480.0	1600.0	2
2	800.0	1408.0	2
2	864.0	960.0	2
2	864.0	1024.0	2
2	864.0	1088.0	2
2	544.0	1408.0	2
2	544.0	1472.0	2
2	544.0	1536.0	2
2	544.0	1600.0	2
2	864.0	1408.0	2
2	2016.0	1152.0	2
2	2016.0	1216.0	2
2	2016.0	1280.0	2
2	2016.0	1344.0	2
2	2016.0	1408.0	2
2	2016.0	1472.0	2
2	1696.0	1472.0	2
2	1696.0	1536.0	2
2	2016.0	1536.0	2
2	-32.0	0.0	2
2	-32.0	64.0	2
2	-32.0	128.0	2
2	-32.0	192.0	2
2	-32.0	256.0	2
2	-32.0	320.0	2
2	-32.0	384.0	2
2	-32.0	448.0	2
2	-32.0	512.0	2
2	-32.0	576.0	2
2	32.0	0.0	2
2	32.0	64.0	2
2	32.0	128.0	2
2	32.0	192.0	2
2	32.0	256.0	2
2	32.0	320.0	2
2	32.0	384.0	2
2	32.0	448.0	2
2	32.0	512.0	2
2	32.0	576.0	2
2	96.0	0.0	2
2	96.0	64.0	2
2	96.0	128.0	2
2	96.0	192.0	2
2	96.0	256.0	2
2	96.0	320.0	2
2	96.0	384.0	2
2	96.0	448.0	2
2	96.0	512.0	2
2	96.0	576.0	2
2	160.0	0.0	2
2	160.0	64.0	2
2	160.0	128.0	2
2	160.0	192.0	2
2	160.0	256.0	2
2	160.0	320.0	2
2	160.0	384.0	2
2	160.0	448.0	2
2	160.0	512.0	2
2	160.0	576.0	2
2	224.0	0.0	2
2	224.0	64.0	2
2	224.0	128.0	2
2	224.0	192.0	2
2	224.0	256.0	2
2	224.0	320.0	2
2	224.0	384.0	2
2	224.0	448.0	2
2	224.0	512.0	2
2	224.0	576.0	2
2	288.0	0.0	2
2	288.0	64.0	2
2	288.0	128.0	2
2	288.0	192.0	2
2	288.0	256.0	2
2	288.0	320.0	2
2	288.0	384.0	2
2	288.0	448.0	2
2	288.0	512.0	2
2	288.0	576.0	2
2	352.0	640.0	0
2	352.0	640.0	0
2	-32.0	640.0	2
2	-32.0	704.0	2
2	-32.0	768.0	2
2	-32.0	832.0	2
2	-32.0	896.0	2
2	32.0	640.0	2
2	32.0	704.0	2
2	32.0	768.0	2
2	32.0	832.0	2
2	96.0	640.0	2
2	96.0	704.0	2
2	96.0	768.0	2
2	96.0	832.0	2
2	160.0	640.0	2
2	160.0	704.0	2
2	160.0	768.0	2
2	160.0	832.0	2
2	224.0	640.0	2
2	224.0	704.0	2
2	224.0	768.0	2
2	224.0	832.0	2
2	288.0	640.0	2
2	288.0	704.0	2
2	288.0	768.0	2
2	288.0	832.0	2
2	352.0	0.0	2
2	416.0	0.0	2
2	480.0	0.0	2
2	544.0	0.0	2
2	608.0	0.0	2
2	672.0	0.0	2
2	736.0	0.0	2
2	800.0	0.0	2
2	864.0	0.0	2
2	928.0	0.0	2
2	992.0	0.0	2
2	1056.0	0.0	2
2	1120.0	0.0	2
2	1184.0	0.0	2
2	1248.0	0.0	2
2	1312.0	0.0	2
2	1376.0	0.0	2
2	1440.0	0.0	2
2	1504.0	0.0	2
2	1568.0	0.0	2
2	1632.0	0.0	2
2	1696.0	0.0	2
2	1760.0	0.0	2
2	1824.0	0.0	2
2	1888.0	0.0	2
2	1952.0	0.0	2
2	2016.0	0.0	2
2	2080.0	0.0	2
2	2144.0	0.0	2
2	2208.0	0.0	2
2	2272.0	0.0	2
2	2336.0	0.0	2
2	2400.0	0.0	2
2	2464.0	0.0	2
2	2528.0	0.0	2
2	2592.0	0.0	2
2	2656.0	0.0	2
2	2720.0	0.0	2
2	2784.0	0.0	2
2	2848.0	0.0	2
2	2912.0	0.0	2
2	2976.0	0.0	2
2	3040.0	0.0	2
2	3104.0	0.0	2
2	3168.0	0.0	2
2	3232.0	0.0	2
2	3296.0	0.0	2
2	3360.0	0.0	2
2	3424.0	0.0	2
2	3488.0	0.0	2
2	3552.0	0.0	2
2	3616.0	0.0	2
2	3680.0	0.0	2
2	3744.0	0.0	2
2	3808.0	0.0	2
2	3872.0	0.0	2
2	3936.0	0.0	2
2	4000.0	0.0	2
2	4064.0	0.0	2
2	4128.0	0.0	2
2	4192.0	0.0	2
2	4256.0	0.0	2
2	4320.0	0.0	2
2	4384.0	0.0	2
2	4448.0	0.0	2
2	4512.0	0.0	2
2	4576.0	0.0	2
2	4640.0	0.0	2
2	4704.0	0.0	2
2	4768.0	0.0	2
2	1696.0	576.0	0
7	1200.0	1344.0	
2	928.0	1408.0	0
2	992.0	1408.0	0
2	1056.0	1408.0	0
2	1120.0	1408.0	0
2	1184.0	1408.0	0
2	1248.0	1408.0	0
2	1312.0	1408.0	0
2	1376.0	1408.0	0
2	1440.0	1408.0	0
2	1504.0	1408.0	0
2	1568.0	1408.0	0
2	1632.0	1408.0	0
2	1696.0	1600.0	2
2	1696.0	1664.0	2
2	1696.0	1728.0	2
2	1696.0	1792.0	2
2	2016.0	1600.0	2
2	2016.0	1664.0	2
2	2016.0	1728.0	2
2	2016.0	1792.0	2
2	1696.0	1856.0	2
2	1696.0	1920.0	2
2	1696.0	1984.0	2
2	1696.0	2048.0	2
2	1696.0	2112.0	2
2	1760.0	2112.0	0
2	1824.0	2112.0	0
2	1888.0	2112.0	0
2	1952.0	2112.0	0
2	2016.0	2112.0	0
2	2080.0	2112.0	0
2	2144.0	2112.0	0
2	2208.0	2112.0	0
2	2272.0	2112.0	0
2	2336.0	2112.0	0
2	2016.0	1856.0	2
2	2080.0	1856.0	2
2	2144.0	1856.0	2
2	2208.0	1856.0	2
2	2272.0	1856.0	2
2	2336.0	1856.0	2
2	2400.0	1856.0	2
2	2464.0	1856.0	2
2	2528.0	1856.0	2
2	2592.0	1856.0	2
2	2656.0	1856.0	2
2	2720.0	1856.0	2
2	928.0	1536.0	2
2	928.0	1600.0	2
2	928.0	1664.0	2
2	928.0	1728.0	2
2	928.0	1792.0	2
2	928.0	1856.0	2
2	928.0	1920.0	2
2	928.0	1984.0	2
2	928.0	2048.0	2
2	928.0	2112.0	2
2	992.0	1536.0	2
2	992.0	1600.0	2
2	992.0	1664.0	2
2	992.0	1728.0	2
2	992.0	1792.0	2
2	992.0	1856.0	2
2	992.0	1920.0	2
2	992.0	1984.0	2
2	992.0	2048.0	2
2	992.0	2112.0	2
2	1056.0	1536.0	2
2	1056.0	1600.0	2
2	1056.0	1664.0	2
2	1056.0	1728.0	2
2	1056.0	1792.0	2
2	1056.0	1856.0	2
2	1056.0	1920.0	2
2	1056.0	1984.0	2
2	1056.0	2048.0	2
2	1056.0	2112.0	2
2	1120.0	1536.0	2
2	1120.0	1600.0	2
2	1120.0	1664.0	2
2	1120.0	1728.0	2
2	1120.0	1792.0	2
2	1120.0	1856.0	2
2	1120.0	1920.0	2
2	1120.0	1984.0	2
2	1120.0	2048.0	2
2	1120.0	2112.0	2
2	1184.0	1536.0	2
2	1184.0	1600.0	2
2	1184.0	1664.0	2
2	1184.0	1728.0	2
2	1184.0	1792.0	2
2	1184.0	1856.0	2
2	1184.0	1920.0	2
2	1184.0	1984.0	2
2	1184.0	2048.0	2
2	1184.0	2112.0	2
2	1248.0	1536.0	2
2	1248.0	1600.0	2
2	1248.0	1664.0	2
2	1248.0	1728.0	2
2	1248.0	1792.0	2
2	1248.0	1856.0	2
2	1248.0	1920.0	2
2	1248.0	1984.0	2
2	1248.0	2048.0	2
2	1248.0	2112.0	2
2	1312.0	1536.0	2
2	1312.0	1600.0	2
2	1312.0	1664.0	2
2	1312.0	1728.0	2
2	1312.0	1792.0	2
2	1312.0	1856.0	2
2	1312.0	1920.0	2
2	1312.0	1984.0	2
2	1312.0	2048.0	2
2	1312.0	2112.0	2
2	1376.0	1536.0	2
2	1376.0	1600.0	2
2	1376.0	1664.0	2
2	1376.0	1728.0	2
2	1376.0	1792.0	2
2	1376.0	1856.0	2
2	1376.0	1920.0	2
2	1376.0	1984.0	2
2	1376.0	2048.0	2
2	1376.0	2112.0	2
2	1440.0	1536.0	2
2	1440.0	1600.0	2
2	1440.0	1664.0	2
2	1440.0	1728.0	2
2	1440.0	1792.0	2
2	1440.0	1856.0	2
2	1440.0	1920.0	2
2	1440.0	1984.0	2
2	1440.0	2048.0	2
2	1440.0	2112.0	2
2	1504.0	1536.0	2
2	1504.0	1600.0	2
2	1504.0	1664.0	2
2	1504.0	1728.0	2
2	1504.0	1792.0	2
2	1504.0	1856.0	2
2	1504.0	1920.0	2
2	1504.0	1984.0	2
2	1504.0	2048.0	2
2	1504.0	2112.0	2
2	1568.0	1536.0	2
2	1568.0	1600.0	2
2	1568.0	1664.0	2
2	1568.0	1728.0	2
2	1568.0	1792.0	2
2	1568.0	1856.0	2
2	1568.0	1920.0	2
2	1568.0	1984.0	2
2	1568.0	2048.0	2
2	1632.0	1536.0	2
2	1632.0	1600.0	2
2	1632.0	1664.0	2
2	1632.0	1728.0	2
2	1632.0	1792.0	2
2	1632.0	1856.0	2
2	1632.0	1920.0	2
2	1632.0	1984.0	2
2	1632.0	2048.0	2
2	1632.0	2112.0	2
2	608.0	1472.0	2
2	672.0	1472.0	2
2	672.0	1536.0	2
2	672.0	1600.0	2
2	672.0	1664.0	2
2	672.0	1728.0	2
2	672.0	1792.0	2
2	672.0	1856.0	2
2	672.0	1920.0	2
2	672.0	1984.0	2
2	672.0	2048.0	2
2	736.0	1472.0	2
2	736.0	1536.0	2
2	736.0	1600.0	2
2	736.0	1664.0	2
2	736.0	1728.0	2
2	736.0	1792.0	2
2	736.0	1856.0	2
2	736.0	1920.0	2
2	736.0	1984.0	2
2	736.0	2048.0	2
2	800.0	1472.0	2
2	800.0	1536.0	2
2	800.0	1600.0	2
2	800.0	1664.0	2
2	800.0	1728.0	2
2	800.0	1792.0	2
2	800.0	1856.0	2
2	800.0	1920.0	2
2	800.0	1984.0	2
2	800.0	2048.0	2
2	864.0	1472.0	2
2	864.0	1536.0	2
2	864.0	1600.0	2
2	864.0	1664.0	2
2	864.0	1728.0	2
2	864.0	1792.0	2
2	864.0	1856.0	2
2	864.0	1920.0	2
2	864.0	1984.0	2
2	864.0	2048.0	2
2	608.0	1536.0	2
2	608.0	1600.0	2
2	608.0	1664.0	2
2	608.0	1728.0	2
2	608.0	1792.0	2
2	608.0	1856.0	2
2	608.0	1920.0	2
2	608.0	1984.0	2
2	608.0	2048.0	2
2	608.0	2112.0	2
2	672.0	2112.0	2
2	736.0	2112.0	2
2	864.0	2112.0	2
2	800.0	2112.0	2
2	1440.0	2176.0	2
2	1440.0	2240.0	2
2	1440.0	2304.0	2
2	1440.0	2368.0	2
2	1440.0	2432.0	2
2	1440.0	2496.0	2
2	1440.0	2560.0	2
2	1504.0	2176.0	2
2	1504.0	2240.0	2
2	1504.0	2304.0	2
2	1504.0	2368.0	2
2	1504.0	2432.0	2
2	1504.0	2496.0	2
2	1504.0	2560.0	2
2	1568.0	2240.0	2
2	1568.0	2304.0	2
2	1568.0	2368.0	2
2	1568.0	2432.0	2
2	1568.0	2496.0	2
2	1568.0	2560.0	2
2	1632.0	2176.0	2
2	1632.0	2240.0	2
2	1632.0	2368.0	2
2	1632.0	2432.0	2
2	1632.0	2496.0	2
2	1632.0	2560.0	2
2	1696.0	2176.0	2
2	1696.0	2240.0	2
2	1696.0	2304.0	2
2	1696.0	2368.0	2
2	1696.0	2432.0	2
2	1696.0	2496.0	2
2	1696.0	2560.0	2
2	1760.0	2176.0	2
2	1760.0	2240.0	2
2	1760.0	2304.0	2
2	1760.0	2368.0	2
2	1760.0	2432.0	2
2	1760.0	2496.0	2
2	1760.0	2560.0	2
2	1824.0	2176.0	2
2	1824.0	2240.0	2
2	1824.0	2304.0	2
2	1824.0	2368.0	2
2	1824.0	2432.0	2
2	1824.0	2496.0	2
2	1824.0	2560.0	2
2	1888.0	2176.0	2
2	1888.0	2240.0	2
2	1888.0	2304.0	2
2	1888.0	2368.0	2
2	1888.0	2432.0	2
2	1888.0	2496.0	2
2	1888.0	2560.0	2
2	1952.0	2176.0	2
2	1952.0	2240.0	2
2	1952.0	2304.0	2
2	1952.0	2368.0	2
2	1952.0	2432.0	2
2	1952.0	2496.0	2
2	1952.0	2560.0	2
2	2016.0	2176.0	2
2	2016.0	2240.0	2
2	2016.0	2304.0	2
2	2016.0	2368.0	2
2	2016.0	2432.0	2
2	2016.0	2496.0	2
2	2016.0	2560.0	2
2	2080.0	2176.0	2
2	2080.0	2240.0	2
2	2080.0	2304.0	2
2	2080.0	2368.0	2
2	2080.0	2432.0	2
2	2080.0	2496.0	2
2	2080.0	2560.0	2
2	2144.0	2176.0	2
2	2144.0	2240.0	2
2	2144.0	2304.0	2
2	2144.0	2368.0	2
2	2144.0	2432.0	2
2	2144.0	2496.0	2
2	2144.0	2560.0	2
2	2208.0	2176.0	2
2	2208.0	2240.0	2
2	2208.0	2304.0	2
2	2208.0	2368.0	2
2	2208.0	2432.0	2
2	2208.0	2496.0	2
2	2208.0	2560.0	2
2	2272.0	2176.0	2
2	2272.0	2240.0	2
2	2272.0	2304.0	2
2	2272.0	2368.0	2
2	2272.0	2432.0	2
2	2272.0	2496.0	2
2	2272.0	2560.0	2
2	2336.0	2176.0	2
2	2336.0	2240.0	2
2	2336.0	2304.0	2
2	2336.0	2368.0	2
2	2336.0	2432.0	2
2	2336.0	2496.0	2
2	2336.0	2560.0	2
2	1440.0	2112.0	2
2	1728.0	2976.0	2
2	1568.0	2176.0	2
2	1632.0	2304.0	2
2	608.0	2176.0	2
2	608.0	2240.0	2
2	608.0	2304.0	2
2	608.0	2368.0	2
2	608.0	2432.0	2
2	608.0	2496.0	2
2	608.0	2560.0	2
2	672.0	2176.0	2
2	672.0	2240.0	2
2	672.0	2304.0	2
2	672.0	2368.0	2
2	672.0	2432.0	2
2	672.0	2496.0	2
2	672.0	2560.0	2
2	736.0	2176.0	2
2	736.0	2240.0	2
2	736.0	2304.0	2
2	736.0	2368.0	2
2	736.0	2432.0	2
2	736.0	2496.0	2
2	736.0	2560.0	2
2	800.0	2176.0	2
2	800.0	2240.0	2
2	800.0	2304.0	2
2	800.0	2368.0	2
2	800.0	2432.0	2
2	800.0	2496.0	2
2	800.0	2560.0	2
2	864.0	2176.0	2
2	864.0	2240.0	2
2	864.0	2304.0	2
2	864.0	2368.0	2
2	864.0	2432.0	2
2	864.0	2496.0	2
2	864.0	2560.0	2
2	928.0	2176.0	2
2	928.0	2240.0	2
2	928.0	2304.0	2
2	928.0	2368.0	2
2	928.0	2432.0	2
2	928.0	2496.0	2
2	928.0	2560.0	2
2	992.0	2176.0	2
2	992.0	2240.0	2
2	992.0	2304.0	2
2	992.0	2368.0	2
2	992.0	2432.0	2
2	992.0	2496.0	2
2	992.0	2560.0	2
2	1056.0	2176.0	2
2	1056.0	2240.0	2
2	1056.0	2304.0	2
2	1056.0	2368.0	2
2	1056.0	2432.0	2
2	1056.0	2496.0	2
2	1056.0	2560.0	2
2	1120.0	2176.0	2
2	1120.0	2240.0	2
2	1120.0	2304.0	2
2	1120.0	2368.0	2
2	1120.0	2432.0	2
2	1120.0	2496.0	2
2	1120.0	2560.0	2
2	1184.0	2176.0	2
2	1184.0	2240.0	2
2	1184.0	2304.0	2
2	1184.0	2368.0	2
2	1184.0	2432.0	2
2	1184.0	2496.0	2
2	1184.0	2560.0	2
2	1248.0	2176.0	2
2	1248.0	2240.0	2
2	1248.0	2304.0	2
2	1248.0	2368.0	2
2	1248.0	2432.0	2
2	1248.0	2496.0	2
2	1248.0	2560.0	2
2	1312.0	2176.0	2
2	1312.0	2240.0	2
2	1312.0	2304.0	2
2	1312.0	2368.0	2
2	1312.0	2432.0	2
2	1312.0	2496.0	2
2	1312.0	2560.0	2
2	1376.0	2176.0	2
2	1376.0	2240.0	2
2	1376.0	2304.0	2
2	1376.0	2368.0	2
2	1376.0	2432.0	2
2	1376.0	2496.0	2
2	1376.0	2560.0	2
2	2400.0	2112.0	0
2	2464.0	2112.0	0
2	2528.0	2112.0	0
2	2592.0	2112.0	0
2	2656.0	2112.0	0
2	2720.0	2112.0	0
2	2400.0	2176.0	2
2	2400.0	2240.0	2
2	2400.0	2304.0	2
2	2400.0	2368.0	2
2	2400.0	2432.0	2
2	2400.0	2496.0	2
2	2400.0	2560.0	2
2	2464.0	2176.0	2
2	2464.0	2240.0	2
2	2464.0	2304.0	2
2	2464.0	2368.0	2
2	2464.0	2432.0	2
2	2464.0	2496.0	2
2	2464.0	2560.0	2
2	2528.0	2176.0	2
2	2528.0	2240.0	2
2	2528.0	2304.0	2
2	2528.0	2368.0	2
2	2528.0	2432.0	2
2	2528.0	2496.0	2
2	2528.0	2560.0	2
2	2592.0	2176.0	2
2	2592.0	2240.0	2
2	2592.0	2304.0	2
2	2592.0	2368.0	2
2	2592.0	2432.0	2
2	2592.0	2496.0	2
2	2592.0	2560.0	2
2	2656.0	2176.0	2
2	2656.0	2240.0	2
2	2656.0	2304.0	2
2	2656.0	2368.0	2
2	2656.0	2432.0	2
2	2656.0	2496.0	2
2	2656.0	2560.0	2
2	2720.0	2176.0	2
2	2720.0	2240.0	2
2	2720.0	2304.0	2
2	2720.0	2368.0	2
2	2720.0	2432.0	2
2	2720.0	2496.0	2
2	2720.0	2560.0	2
2	2080.0	1024.0	2
2	2080.0	1088.0	2
2	2080.0	1152.0	2
2	2080.0	1216.0	2
2	2080.0	1280.0	2
2	2080.0	1344.0	2
2	2080.0	1408.0	2
2	2080.0	1472.0	2
2	2080.0	1536.0	2
2	2080.0	1600.0	2
2	2080.0	1664.0	2
2	2080.0	1728.0	2
2	2080.0	1792.0	2
2	2144.0	1024.0	2
2	2144.0	1088.0	2
2	2144.0	1152.0	2
2	2144.0	1216.0	2
2	2144.0	1280.0	2
2	2144.0	1344.0	2
2	2144.0	1408.0	2
2	2144.0	1472.0	2
2	2144.0	1536.0	2
2	2144.0	1600.0	2
2	2144.0	1664.0	2
2	2144.0	1728.0	2
2	2144.0	1792.0	2
2	2208.0	1024.0	2
2	2208.0	1088.0	2
2	2208.0	1152.0	2
2	2208.0	1216.0	2
2	2208.0	1280.0	2
2	2208.0	1344.0	2
2	2208.0	1408.0	2
2	2208.0	1472.0	2
2	2208.0	1536.0	2
2	2208.0	1600.0	2
2	2208.0	1664.0	2
2	2208.0	1728.0	2
2	2208.0	1792.0	2
2	2272.0	1024.0	2
2	2272.0	1088.0	2
2	2272.0	1152.0	2
2	2272.0	1216.0	2
2	2272.0	1280.0	2
2	2272.0	1344.0	2
2	2272.0	1408.0	2
2	2272.0	1472.0	2
2	2272.0	1536.0	2
2	2272.0	1600.0	2
2	2272.0	1664.0	2
2	2272.0	1728.0	2
2	2272.0	1792.0	2
2	2336.0	1024.0	2
2	2336.0	1088.0	2
2	2336.0	1152.0	2
2	2336.0	1216.0	2
2	2336.0	1280.0	2
2	2336.0	1344.0	2
2	2336.0	1408.0	2
2	2336.0	1472.0	2
2	2336.0	1536.0	2
2	2336.0	1600.0	2
2	2336.0	1664.0	2
2	2336.0	1728.0	2
2	2336.0	1792.0	2
2	2400.0	1024.0	2
2	2400.0	1088.0	2
2	2400.0	1152.0	2
2	2400.0	1216.0	2
2	2400.0	1280.0	2
2	2400.0	1344.0	2
2	2400.0	1408.0	2
2	2400.0	1472.0	2
2	2400.0	1536.0	2
2	2400.0	1600.0	2
2	2400.0	1664.0	2
2	2400.0	1728.0	2
2	2400.0	1792.0	2
2	2464.0	1024.0	2
2	2464.0	1088.0	2
2	2464.0	1152.0	2
2	2464.0	1216.0	2
2	2464.0	1280.0	2
2	2464.0	1344.0	2
2	2464.0	1408.0	2
2	2464.0	1472.0	2
2	2464.0	1536.0	2
2	2464.0	1600.0	2
2	2464.0	1664.0	2
2	2464.0	1728.0	2
2	2464.0	1792.0	2
2	2528.0	1024.0	2
2	2528.0	1088.0	2
2	2528.0	1152.0	2
2	2528.0	1216.0	2
2	2528.0	1280.0	2
2	2528.0	1344.0	2
2	2528.0	1408.0	2
2	2528.0	1472.0	2
2	2528.0	1536.0	2
2	2528.0	1600.0	2
2	2528.0	1664.0	2
2	2528.0	1728.0	2
2	2528.0	1792.0	2
2	2592.0	1024.0	2
2	2592.0	1088.0	2
2	2592.0	1152.0	2
2	2592.0	1216.0	2
2	2592.0	1280.0	2
2	2592.0	1344.0	2
2	2592.0	1408.0	2
2	2592.0	1472.0	2
2	2592.0	1536.0	2
2	2592.0	1600.0	2
2	2592.0	1664.0	2
2	2592.0	1728.0	2
2	2592.0	1792.0	2
2	2656.0	1024.0	2
2	2656.0	1088.0	2
2	2656.0	1152.0	2
2	2656.0	1216.0	2
2	2656.0	1280.0	2
2	2656.0	1344.0	2
2	2656.0	1408.0	2
2	2656.0	1472.0	2
2	2656.0	1536.0	2
2	2656.0	1600.0	2
2	2656.0	1664.0	2
2	2656.0	1728.0	2
2	2656.0	1792.0	2
2	2720.0	1024.0	2
2	2720.0	1088.0	2
2	2720.0	1152.0	2
2	2720.0	1216.0	2
2	2720.0	1280.0	2
2	2720.0	1344.0	2
2	2720.0	1408.0	2
2	2720.0	1472.0	2
2	2720.0	1536.0	2
2	2720.0	1600.0	2
2	2720.0	1664.0	2
2	2720.0	1728.0	2
2	2720.0	1792.0	2
2	2784.0	1024.0	2
2	2784.0	1088.0	2
2	2784.0	1152.0	2
2	2784.0	1216.0	2
2	2784.0	1280.0	2
2	2784.0	1344.0	2
2	2784.0	1408.0	2
2	2784.0	1472.0	2
2	2784.0	1536.0	2
2	2784.0	1600.0	2
2	2784.0	1664.0	2
2	2784.0	1728.0	2
2	2784.0	1792.0	2
2	2784.0	1856.0	2
2	2848.0	1024.0	2
2	2848.0	1088.0	2
2	2848.0	1152.0	2
2	2848.0	1216.0	2
2	2848.0	1280.0	2
2	2848.0	1344.0	2
2	2848.0	1408.0	2
2	2848.0	1472.0	2
2	2848.0	1536.0	2
2	2848.0	1600.0	2
2	2848.0	1664.0	2
2	2848.0	1728.0	2
2	2848.0	1792.0	2
2	2848.0	1856.0	2
2	2912.0	1024.0	2
2	2912.0	1088.0	2
2	2912.0	1152.0	2
2	2912.0	1216.0	2
2	2912.0	1280.0	2
2	2912.0	1344.0	2
2	2912.0	1408.0	2
2	2912.0	1472.0	2
2	2912.0	1536.0	2
2	2912.0	1600.0	2
2	2912.0	1664.0	2
2	2912.0	1728.0	2
2	2912.0	1792.0	2
2	2912.0	1856.0	2
2	2976.0	1024.0	2
2	2976.0	1088.0	2
2	2976.0	1152.0	2
2	2976.0	1216.0	2
2	2976.0	1280.0	2
2	2976.0	1344.0	2
2	2976.0	1408.0	2
2	2976.0	1472.0	2
2	2976.0	1536.0	2
2	2976.0	1600.0	2
2	2976.0	1664.0	2
2	2976.0	1728.0	2
2	2976.0	1792.0	2
2	2976.0	1856.0	2
2	3040.0	1024.0	2
2	3040.0	1088.0	2
2	3040.0	1152.0	2
2	3040.0	1216.0	2
2	3040.0	1280.0	2
2	3040.0	1344.0	2
2	3040.0	1408.0	2
2	3040.0	1472.0	2
2	3040.0	1536.0	2
2	3040.0	1600.0	2
2	3040.0	1664.0	2
2	3040.0	1728.0	2
2	3040.0	1792.0	2
2	3040.0	1856.0	2
2	1568.0	2112.0	2
2	2784.0	2112.0	0
2	2848.0	2112.0	0
2	2912.0	2112.0	0
2	2976.0	2112.0	0
2	3008.0	2112.0	0
2	2784.0	2176.0	2
2	2784.0	2240.0	2
2	2784.0	2304.0	2
2	2784.0	2368.0	2
2	2784.0	2432.0	2
2	2848.0	2176.0	2
2	2848.0	2240.0	2
2	2848.0	2304.0	2
2	2848.0	2368.0	2
2	2848.0	2432.0	2
2	2912.0	2176.0	2
2	2912.0	2240.0	2
2	2912.0	2304.0	2
2	2912.0	2368.0	2
2	2912.0	2432.0	2
2	2976.0	2176.0	2
2	2976.0	2240.0	2
2	2976.0	2304.0	2
2	2976.0	2368.0	2
2	2976.0	2432.0	2
2	2784.0	2496.0	2
2	2784.0	2560.0	2
2	2848.0	2496.0	2
2	2848.0	2560.0	2
2	2912.0	2496.0	2
2	2912.0	2560.0	2
2	2976.0	2496.0	2
2	2976.0	2560.0	2
2	3040.0	2176.0	2
2	3040.0	2240.0	2
2	3040.0	2304.0	2
2	3040.0	2368.0	2
2	3040.0	2432.0	2
2	3040.0	2496.0	2
2	3040.0	2560.0	2
2	3040.0	2112.0	0
2	3104.0	2112.0	0
2	3168.0	2112.0	0
2	3232.0	2048.0	0
2	3296.0	2048.0	0
2	3360.0	1984.0	0
2	3424.0	1984.0	0
2	3104.0	1792.0	2
2	3168.0	1792.0	2
2	3232.0	1728.0	2
2	3296.0	1728.0	2
2	3360.0	1664.0	2
2	3424.0	1664.0	2
2	3488.0	1664.0	2
2	3104.0	1216.0	2
2	3104.0	1280.0	2
2	3104.0	1344.0	2
2	3104.0	1408.0	2
2	3104.0	1472.0	2
2	3104.0	1536.0	2
2	3104.0	1600.0	2
2	3168.0	1216.0	2
2	3168.0	1280.0	2
2	3168.0	1344.0	2
2	3168.0	1408.0	2
2	3168.0	1472.0	2
2	3168.0	1536.0	2
2	3168.0	1600.0	2
2	3232.0	1216.0	2
2	3232.0	1280.0	2
2	3232.0	1344.0	2
2	3232.0	1408.0	2
2	3232.0	1472.0	2
2	3232.0	1536.0	2
2	3232.0	1600.0	2
2	3296.0	1216.0	2
2	3296.0	1280.0	2
2	3296.0	1344.0	2
2	3296.0	1408.0	2
2	3296.0	1472.0	2
2	3296.0	1536.0	2
2	3296.0	1600.0	2
2	3360.0	1216.0	2
2	3360.0	1280.0	2
2	3360.0	1344.0	2
2	3360.0	1408.0	2
2	3360.0	1472.0	2
2	3360.0	1536.0	2
2	3360.0	1600.0	2
2	3424.0	1216.0	2
2	3424.0	1280.0	2
2	3424.0	1344.0	2
2	3424.0	1408.0	2
2	3424.0	1472.0	2
2	3424.0	1536.0	2
2	3424.0	1600.0	2
2	3488.0	1216.0	2
2	3488.0	1280.0	2
2	3488.0	1344.0	2
2	3488.0	1408.0	2
2	3488.0	1472.0	2
2	3488.0	1536.0	2
2	3488.0	1600.0	2
2	3104.0	1664.0	2
2	3168.0	1664.0	2
2	3232.0	1664.0	2
2	3296.0	1664.0	2
2	3104.0	1728.0	2
2	3168.0	1728.0	2
2	3104.0	2176.0	2
2	3104.0	2240.0	2
2	3104.0	2304.0	2
2	3104.0	2368.0	2
2	3104.0	2432.0	2
2	3104.0	2496.0	2
2	3104.0	2560.0	2
2	3168.0	2176.0	2
2	3168.0	2240.0	2
2	3168.0	2304.0	2
2	3168.0	2368.0	2
2	3168.0	2432.0	2
2	3168.0	2496.0	2
2	3168.0	2560.0	2
2	3232.0	2176.0	2
2	3232.0	2240.0	2
2	3232.0	2304.0	2
2	3232.0	2368.0	2
2	3232.0	2432.0	2
2	3232.0	2496.0	2
2	3232.0	2560.0	2
2	3296.0	2176.0	2
2	3296.0	2240.0	2
2	3296.0	2304.0	2
2	3296.0	2368.0	2
2	3296.0	2432.0	2
2	3296.0	2496.0	2
2	3296.0	2560.0	2
2	3360.0	2176.0	2
2	3360.0	2240.0	2
2	3360.0	2304.0	2
2	3360.0	2368.0	2
2	3360.0	2432.0	2
2	3360.0	2496.0	2
2	3360.0	2560.0	2
2	3424.0	2176.0	2
2	3424.0	2240.0	2
2	3424.0	2304.0	2
2	3424.0	2368.0	2
2	3424.0	2432.0	2
2	3424.0	2496.0	2
2	3424.0	2560.0	2
2	3488.0	2176.0	2
2	3488.0	2240.0	2
2	3488.0	2304.0	2
2	3488.0	2368.0	2
2	3488.0	2432.0	2
2	3488.0	2496.0	2
2	3488.0	2560.0	2
2	3552.0	2176.0	2
2	3552.0	2240.0	2
2	3552.0	2304.0	2
2	3552.0	2368.0	2
2	3552.0	2432.0	2
2	3552.0	2496.0	2
2	3552.0	2560.0	2
2	3616.0	2176.0	2
2	3616.0	2240.0	2
2	3616.0	2304.0	2
2	3616.0	2368.0	2
2	3616.0	2432.0	2
2	3616.0	2496.0	2
2	3616.0	2560.0	2
2	3680.0	2176.0	2
2	3680.0	2240.0	2
2	3680.0	2304.0	2
2	3680.0	2368.0	2
2	3680.0	2432.0	2
2	3680.0	2496.0	2
2	3680.0	2560.0	2
2	3744.0	2176.0	2
2	3744.0	2240.0	2
2	3744.0	2304.0	2
2	3744.0	2368.0	2
2	3744.0	2432.0	2
2	3744.0	2496.0	2
2	3744.0	2560.0	2
2	3232.0	2112.0	2
2	3296.0	2112.0	2
2	3360.0	2112.0	2
2	3424.0	2112.0	2
2	3488.0	2112.0	2
2	3552.0	2112.0	2
2	3616.0	2112.0	2
2	3680.0	2112.0	2
2	3744.0	2112.0	2
2	3360.0	2048.0	2
2	3424.0	2048.0	2
2	3488.0	2048.0	2
2	3552.0	2048.0	2
2	3616.0	2048.0	2
2	3680.0	2048.0	2
2	3744.0	2048.0	2
2	3520.0	1984.0	0
2	3584.0	1984.0	0
2	3648.0	1984.0	0
2	3712.0	1984.0	0
2	3488.0	1984.0	0
2	3744.0	1984.0	0
2	3808.0	1984.0	0
2	3872.0	1984.0	0
2	3936.0	1984.0	0
2	4000.0	1984.0	0
2	3552.0	1216.0	2
2	3552.0	1280.0	2
2	3552.0	1344.0	2
2	3552.0	1408.0	2
2	3552.0	1472.0	2
2	3552.0	1536.0	2
2	3552.0	1600.0	2
2	3552.0	1664.0	2
2	3616.0	1216.0	2
2	3616.0	1280.0	2
2	3616.0	1344.0	2
2	3616.0	1408.0	2
2	3616.0	1472.0	2
2	3616.0	1536.0	2
2	3616.0	1600.0	2
2	3616.0	1664.0	2
2	3680.0	1216.0	2
2	3680.0	1280.0	2
2	3680.0	1344.0	2
2	3680.0	1408.0	2
2	3680.0	1472.0	2
2	3680.0	1536.0	2
2	3680.0	1600.0	2
2	3680.0	1664.0	2
2	3744.0	1216.0	2
2	3744.0	1280.0	2
2	3744.0	1344.0	2
2	3744.0	1408.0	2
2	3744.0	1472.0	2
2	3744.0	1536.0	2
2	3744.0	1600.0	2
2	3744.0	1664.0	2
2	3808.0	1216.0	2
2	3808.0	1280.0	2
2	3808.0	1344.0	2
2	3808.0	1408.0	2
2	3808.0	1472.0	2
2	3808.0	1536.0	2
2	3808.0	1600.0	2
2	3808.0	1664.0	2
2	3872.0	1216.0	2
2	3872.0	1280.0	2
2	3872.0	1344.0	2
2	3872.0	1408.0	2
2	3872.0	1472.0	2
2	3872.0	1536.0	2
2	3872.0	1600.0	2
2	3872.0	1664.0	2
2	3936.0	1216.0	2
2	3936.0	1280.0	2
2	3936.0	1344.0	2
2	3936.0	1408.0	2
2	3936.0	1472.0	2
2	3936.0	1536.0	2
2	3936.0	1600.0	2
2	3936.0	1664.0	2
2	4000.0	1216.0	2
2	4000.0	1280.0	2
2	4000.0	1344.0	2
2	4000.0	1408.0	2
2	4000.0	1472.0	2
2	4000.0	1536.0	2
2	4000.0	1600.0	2
2	4000.0	1664.0	2
2	4064.0	1216.0	2
2	4064.0	1280.0	2
2	4064.0	1344.0	2
2	4064.0	1408.0	2
2	4064.0	1472.0	2
2	4064.0	1536.0	2
2	4064.0	1600.0	2
2	4064.0	1664.0	2
2	4064.0	1984.0	0
2	3808.0	2048.0	2
2	3808.0	2112.0	2
2	3808.0	2176.0	2
2	3808.0	2240.0	2
2	3808.0	2304.0	2
2	3808.0	2368.0	2
2	3808.0	2432.0	2
2	3808.0	2496.0	2
2	3808.0	2560.0	2
2	3872.0	2048.0	2
2	3872.0	2112.0	2
2	3872.0	2176.0	2
2	3872.0	2240.0	2
2	3872.0	2304.0	2
2	3872.0	2368.0	2
2	3872.0	2432.0	2
2	3872.0	2496.0	2
2	3872.0	2560.0	2
2	3936.0	2048.0	2
2	3936.0	2112.0	2
2	3936.0	2176.0	2
2	3936.0	2240.0	2
2	3936.0	2304.0	2
2	3936.0	2368.0	2
2	3936.0	2432.0	2
2	3936.0	2496.0	2
2	3936.0	2560.0	2
2	4000.0	2048.0	2
2	4000.0	2112.0	2
2	4000.0	2176.0	2
2	4000.0	2240.0	2
2	4000.0	2304.0	2
2	4000.0	2368.0	2
2	4000.0	2432.0	2
2	4000.0	2496.0	2
2	4000.0	2560.0	2
2	4064.0	2048.0	2
2	4064.0	2112.0	2
2	4064.0	2176.0	2
2	4064.0	2240.0	2
2	4064.0	2304.0	2
2	4064.0	2368.0	2
2	4064.0	2432.0	2
2	4064.0	2496.0	2
2	4064.0	2560.0	2
2	3104.0	1152.0	0
2	3168.0	1152.0	0
2	3232.0	1152.0	0
2	3296.0	1152.0	0
2	3360.0	1152.0	0
2	3424.0	1152.0	0
2	3488.0	1152.0	0
2	3552.0	1152.0	0
2	3616.0	1152.0	0
2	3680.0	1152.0	0
2	3744.0	1152.0	0
2	3808.0	1152.0	0
2	3872.0	1152.0	0
2	3936.0	1152.0	0
2	4000.0	1152.0	0
2	4064.0	1152.0	0
2	3104.0	704.0	4
2	3168.0	704.0	4
2	3232.0	768.0	4
2	3296.0	768.0	4
2	3360.0	832.0	4
2	3424.0	832.0	4
2	3488.0	896.0	4
2	3552.0	896.0	4
2	3616.0	960.0	4
2	3680.0	960.0	4
2	3744.0	1024.0	4
2	3808.0	1024.0	4
2	3872.0	1088.0	4
2	3936.0	1088.0	4
2	3104.0	768.0	4
2	3104.0	832.0	4
2	3104.0	896.0	4
2	3104.0	960.0	4
2	3104.0	1024.0	4
2	3104.0	1088.0	4
2	3168.0	768.0	4
2	3168.0	832.0	4
2	3168.0	896.0	4
2	3168.0	960.0	4
2	3168.0	1024.0	4
2	3168.0	1088.0	4
2	3232.0	832.0	4
2	3232.0	896.0	4
2	3232.0	960.0	4
2	3232.0	1024.0	4
2	3296.0	832.0	4
2	3296.0	896.0	4
2	3296.0	960.0	4
2	3296.0	1024.0	4
2	3232.0	1088.0	4
2	3296.0	1088.0	4
2	3360.0	1088.0	4
2	3424.0	1088.0	4
2	3488.0	1088.0	4
2	3552.0	1088.0	4
2	3616.0	1088.0	4
2	3680.0	1088.0	4
2	3744.0	1088.0	4
2	3808.0	1088.0	4
2	3360.0	896.0	4
2	3424.0	896.0	4
2	3360.0	960.0	4
2	3360.0	1024.0	4
2	3424.0	960.0	4
2	3488.0	960.0	4
2	3488.0	1024.0	4
2	3552.0	960.0	4
2	3552.0	1024.0	4
2	3616.0	1024.0	4
2	3680.0	1024.0	4
7	4048.0	1088.0	
2	3424.0	1024.0	4
2	4128.0	1152.0	0
2	4192.0	1152.0	3
2	4256.0	1152.0	3
2	4320.0	1152.0	3
2	4384.0	1152.0	3
2	4448.0	1152.0	3
2	4512.0	1152.0	0
2	4576.0	1152.0	0
2	4640.0	1152.0	0
2	4704.0	1152.0	0
2	4768.0	1152.0	0
2	4128.0	1216.0	2
2	4128.0	1280.0	2
2	4128.0	1344.0	2
2	4128.0	1408.0	2
2	4128.0	1472.0	2
2	4128.0	1536.0	2
2	4128.0	1600.0	2
2	4128.0	1664.0	2
2	4512.0	1216.0	2
2	4512.0	1280.0	2
2	4512.0	1344.0	2
2	4512.0	1408.0	2
2	4512.0	1472.0	2
2	4512.0	1536.0	2
2	4512.0	1600.0	2
2	4512.0	1664.0	2
2	4576.0	1216.0	2
2	4576.0	1280.0	2
2	4576.0	1344.0	2
2	4576.0	1408.0	2
2	4576.0	1472.0	2
2	4576.0	1536.0	2
2	4576.0	1600.0	2
2	4576.0	1664.0	2
2	4640.0	1216.0	2
2	4640.0	1280.0	2
2	4640.0	1344.0	2
2	4640.0	1408.0	2
2	4640.0	1472.0	2
2	4640.0	1536.0	2
2	4640.0	1600.0	2
2	4640.0	1664.0	2
2	4704.0	1216.0	2
2	4704.0	1280.0	2
2	4704.0	1344.0	2
2	4704.0	1408.0	2
2	4704.0	1472.0	2
2	4704.0	1536.0	2
2	4704.0	1600.0	2
2	4704.0	1664.0	2
2	4768.0	1216.0	2
2	4768.0	1280.0	2
2	4768.0	1344.0	2
2	4768.0	1408.0	2
2	4768.0	1472.0	2
2	4768.0	1536.0	2
2	4768.0	1600.0	2
2	4768.0	1664.0	2
2	4128.0	1088.0	4
2	4512.0	1088.0	4
7	4368.0	1088.0	
6	4320.0	1632.0	
2	4256.0	1664.0	3
2	4384.0	1664.0	3
2	4320.0	1664.0	2
2	4448.0	1664.0	2
2	4192.0	1664.0	2
2	4128.0	1984.0	0
2	4192.0	1984.0	0
2	4256.0	1984.0	0
2	4320.0	1984.0	0
2	4384.0	1984.0	0
2	4448.0	1984.0	0
2	4512.0	1984.0	0
2	4576.0	1984.0	0
2	4640.0	1984.0	0
2	4704.0	1984.0	0
2	4768.0	1728.0	2
2	4768.0	1792.0	2
2	4768.0	1856.0	2
2	4768.0	1920.0	2
2	4128.0	2048.0	2
2	4128.0	2112.0	2
2	4128.0	2176.0	2
2	4128.0	2240.0	2
2	4128.0	2304.0	2
2	4128.0	2368.0	2
2	4128.0	2432.0	2
2	4128.0	2496.0	2
2	4128.0	2560.0	2
2	4192.0	2048.0	2
2	4192.0	2112.0	2
2	4192.0	2176.0	2
2	4192.0	2240.0	2
2	4192.0	2304.0	2
2	4192.0	2368.0	2
2	4192.0	2432.0	2
2	4192.0	2496.0	2
2	4192.0	2560.0	2
2	4256.0	2048.0	2
2	4256.0	2112.0	2
2	4256.0	2176.0	2
2	4256.0	2240.0	2
2	4256.0	2304.0	2
2	4256.0	2368.0	2
2	4256.0	2432.0	2
2	4256.0	2496.0	2
2	4256.0	2560.0	2
2	4320.0	2048.0	2
2	4320.0	2112.0	2
2	4320.0	2176.0	2
2	4320.0	2240.0	2
2	4320.0	2304.0	2
2	4320.0	2368.0	2
2	4320.0	2432.0	2
2	4320.0	2496.0	2
2	4320.0	2560.0	2
2	4384.0	2048.0	2
2	4384.0	2112.0	2
2	4384.0	2176.0	2
2	4384.0	2240.0	2
2	4384.0	2304.0	2
2	4384.0	2368.0	2
2	4384.0	2432.0	2
2	4384.0	2496.0	2
2	4384.0	2560.0	2
2	4448.0	2048.0	2
2	4448.0	2112.0	2
2	4448.0	2176.0	2
2	4448.0	2240.0	2
2	4448.0	2304.0	2
2	4448.0	2368.0	2
2	4448.0	2432.0	2
2	4448.0	2496.0	2
2	4448.0	2560.0	2
2	4512.0	2048.0	2
2	4512.0	2112.0	2
2	4512.0	2176.0	2
2	4512.0	2240.0	2
2	4512.0	2304.0	2
2	4512.0	2368.0	2
2	4512.0	2432.0	2
2	4512.0	2496.0	2
2	4512.0	2560.0	2
2	4576.0	2048.0	2
2	4576.0	2112.0	2
2	4576.0	2176.0	2
2	4576.0	2240.0	2
2	4576.0	2304.0	2
2	4576.0	2368.0	2
2	4576.0	2432.0	2
2	4576.0	2496.0	2
2	4576.0	2560.0	2
2	4640.0	2048.0	2
2	4640.0	2112.0	2
2	4640.0	2176.0	2
2	4640.0	2240.0	2
2	4640.0	2304.0	2
2	4640.0	2368.0	2
2	4640.0	2432.0	2
2	4640.0	2496.0	2
2	4640.0	2560.0	2
2	4704.0	2048.0	2
2	4704.0	2112.0	2
2	4704.0	2176.0	2
2	4704.0	2240.0	2
2	4704.0	2304.0	2
2	4704.0	2368.0	2
2	4704.0	2432.0	2
2	4704.0	2496.0	2
2	4704.0	2560.0	2
2	4768.0	2048.0	2
2	4768.0	2112.0	2
2	4768.0	2176.0	2
2	4768.0	2240.0	2
2	4768.0	2304.0	2
2	4768.0	2368.0	2
2	4768.0	2432.0	2
2	4768.0	2496.0	2
2	4768.0	2560.0	2
2	1920.0	-320.0	2
4	4672.0	1856.0	
2	160.0	768.0	2
2	160.0	832.0	2
2	224.0	768.0	2
2	224.0	832.0	2
2	288.0	768.0	2
2	288.0	832.0	2
2	352.0	768.0	2
2	352.0	832.0	2
2	416.0	768.0	2
2	416.0	832.0	2
2	480.0	768.0	2
2	480.0	832.0	2
2	544.0	768.0	2
2	544.0	832.0	2
5	2891.0	3560.0	
2	4768.0	1984.0	2
2	4768.0	64.0	2
2	4768.0	128.0	2
2	4768.0	192.0	2
2	4768.0	256.0	2
2	4768.0	320.0	2
2	4768.0	384.0	2
2	4768.0	448.0	2
2	4768.0	512.0	2
2	4768.0	576.0	2
2	4768.0	640.0	2
2	4768.0	704.0	2
2	4768.0	768.0	2
2	4768.0	832.0	2
2	4768.0	896.0	2
2	4768.0	960.0	2
2	4768.0	1024.0	2
2	4768.0	1088.0	2
2	4832.0	0.0	2
2	4832.0	64.0	2
2	4832.0	128.0	2
2	4832.0	192.0	2
2	4832.0	256.0	2
2	4832.0	320.0	2
2	4832.0	384.0	2
2	4832.0	448.0	2
2	4832.0	512.0	2
2	4832.0	576.0	2
2	4832.0	640.0	2
2	4832.0	704.0	2
2	4832.0	768.0	2
2	4832.0	832.0	2
2	4832.0	896.0	2
2	4832.0	960.0	2
2	4896.0	0.0	2
2	4896.0	64.0	2
2	4896.0	128.0	2
2	4896.0	192.0	2
2	4896.0	256.0	2
2	4896.0	320.0	2
2	4896.0	384.0	2
2	4896.0	448.0	2
2	4896.0	512.0	2
2	4896.0	576.0	2
2	4896.0	640.0	2
2	4896.0	704.0	2
2	4896.0	768.0	2
2	4896.0	832.0	2
2	4896.0	896.0	2
2	4896.0	960.0	2
2	4960.0	0.0	2
2	4960.0	64.0	2
2	4960.0	128.0	2
2	4960.0	192.0	2
2	4960.0	256.0	2
2	4960.0	320.0	2
2	4960.0	384.0	2
2	4960.0	448.0	2
2	4960.0	512.0	2
2	4960.0	576.0	2
2	4960.0	640.0	2
2	4960.0	704.0	2
2	4960.0	768.0	2
2	4960.0	832.0	2
2	4960.0	896.0	2
2	4960.0	960.0	2
2	5024.0	0.0	2
2	5024.0	64.0	2
2	5024.0	128.0	2
2	5024.0	192.0	2
2	5024.0	256.0	2
2	5024.0	320.0	2
2	5024.0	384.0	2
2	5024.0	448.0	2
2	5024.0	512.0	2
2	5024.0	576.0	2
2	5024.0	640.0	2
2	5024.0	704.0	2
2	5024.0	768.0	2
2	5024.0	832.0	2
2	5024.0	896.0	2
2	5024.0	960.0	2
2	5088.0	0.0	2
2	5088.0	64.0	2
2	5088.0	128.0	2
2	5088.0	192.0	2
2	5088.0	256.0	2
2	5088.0	320.0	2
2	5088.0	384.0	2
2	5088.0	448.0	2
2	5088.0	512.0	2
2	5088.0	576.0	2
2	5088.0	640.0	2
2	5088.0	704.0	2
2	5088.0	768.0	2
2	5088.0	832.0	2
2	5088.0	896.0	2
2	5088.0	960.0	2
2	4832.0	1024.0	2
2	4832.0	1088.0	2
2	4832.0	1152.0	2
2	4832.0	1216.0	2
2	4832.0	1280.0	2
2	4832.0	1344.0	2
2	4832.0	1408.0	2
2	4832.0	1472.0	2
2	4832.0	1536.0	2
2	4832.0	1600.0	2
2	4832.0	1664.0	2
2	4832.0	1728.0	2
2	4832.0	1792.0	2
2	4832.0	1856.0	2
2	4832.0	1920.0	2
2	4832.0	1984.0	2
2	4896.0	1024.0	2
2	4896.0	1088.0	2
2	4896.0	1152.0	2
2	4896.0	1216.0	2
2	4896.0	1280.0	2
2	4896.0	1344.0	2
2	4896.0	1408.0	2
2	4896.0	1472.0	2
2	4896.0	1536.0	2
2	4896.0	1600.0	2
2	4896.0	1664.0	2
2	4896.0	1728.0	2
2	4896.0	1792.0	2
2	4896.0	1856.0	2
2	4896.0	1920.0	2
2	4896.0	1984.0	2
2	4960.0	1024.0	2
2	4960.0	1088.0	2
2	4960.0	1152.0	2
2	4960.0	1216.0	2
2	4960.0	1280.0	2
2	4960.0	1344.0	2
2	4960.0	1408.0	2
2	4960.0	1472.0	2
2	4960.0	1536.0	2
2	4960.0	1600.0	2
2	4960.0	1664.0	2
2	4960.0	1728.0	2
2	4960.0	1792.0	2
2	4960.0	1856.0	2
2	4960.0	1920.0	2
2	4960.0	1984.0	2
2	5024.0	1024.0	2
2	5024.0	1088.0	2
2	5024.0	1152.0	2
2	5024.0	1216.0	2
2	5024.0	1280.0	2
2	5024.0	1344.0	2
2	5024.0	1408.0	2
2	5024.0	1472.0	2
2	5024.0	1536.0	2
2	5024.0	1600.0	2
2	5024.0	1664.0	2
2	5024.0	1728.0	2
2	5024.0	1792.0	2
2	5024.0	1856.0	2
2	5024.0	1920.0	2
2	5024.0	1984.0	2
2	5088.0	1024.0	2
2	5088.0	1088.0	2
2	5088.0	1152.0	2
2	5088.0	1216.0	2
2	5088.0	1280.0	2
2	5088.0	1344.0	2
2	5088.0	1408.0	2
2	5088.0	1472.0	2
2	5088.0	1536.0	2
2	5088.0	1600.0	2
2	5088.0	1664.0	2
2	5088.0	1728.0	2
2	5088.0	1792.0	2
2	5088.0	1856.0	2
2	5088.0	1920.0	2
2	5088.0	1984.0	2
2	4832.0	2048.0	2
2	4832.0	2112.0	2
2	4832.0	2176.0	2
2	4832.0	2240.0	2
2	4832.0	2304.0	2
2	4832.0	2368.0	2
2	4832.0	2432.0	2
2	4832.0	2496.0	2
2	4832.0	2560.0	2
2	4896.0	2048.0	2
2	4896.0	2112.0	2
2	4896.0	2176.0	2
2	4896.0	2240.0	2
2	4896.0	2304.0	2
2	4896.0	2368.0	2
2	4896.0	2432.0	2
2	4896.0	2496.0	2
2	4896.0	2560.0	2
2	4960.0	2048.0	2
2	4960.0	2112.0	2
2	4960.0	2176.0	2
2	4960.0	2240.0	2
2	4960.0	2304.0	2
2	4960.0	2368.0	2
2	4960.0	2432.0	2
2	4960.0	2496.0	2
2	4960.0	2560.0	2
2	5024.0	2048.0	2
2	5024.0	2112.0	2
2	5024.0	2176.0	2
2	5024.0	2240.0	2
2	5024.0	2304.0	2
2	5024.0	2368.0	2
2	5024.0	2432.0	2
2	5024.0	2496.0	2
2	5024.0	2560.0	2
2	5088.0	2048.0	2
2	5088.0	2112.0	2
2	5088.0	2176.0	2
2	5088.0	2240.0	2
2	5088.0	2304.0	2
2	5088.0	2368.0	2
2	5088.0	2432.0	2
2	5088.0	2496.0	2
2	5088.0	2560.0	2
2	928.0	1344.0	2
2	288.0	1344.0	1
2	352.0	1344.0	1
2	416.0	1344.0	1
2	480.0	1344.0	1
2	544.0	1344.0	1
2	608.0	1344.0	1
2	672.0	1344.0	1
2	736.0	1344.0	1
2	800.0	1344.0	1
2	864.0	1344.0	1
2	32.0	1344.0	1
2	96.0	1344.0	1
2	160.0	1344.0	1
2	224.0	1344.0	1
2	0.0	1344.0	1
2	-32.0	960.0	2
2	-32.0	1024.0	2
2	-32.0	1088.0	2
2	-32.0	1344.0	1
2	-32.0	1408.0	2
2	-32.0	1472.0	2
2	-32.0	1536.0	2
2	-32.0	1600.0	2
2	-32.0	1664.0	2
2	-32.0	1728.0	2
2	-32.0	1792.0	2
2	32.0	1408.0	2
2	32.0	1472.0	2
2	32.0	1536.0	2
2	32.0	1600.0	2
2	32.0	1664.0	2
2	32.0	1728.0	2
2	32.0	1792.0	2
2	96.0	1408.0	2
2	96.0	1472.0	2
2	96.0	1536.0	2
2	96.0	1600.0	2
2	96.0	1664.0	2
2	96.0	1728.0	2
2	96.0	1792.0	2
2	160.0	1408.0	2
2	160.0	1472.0	2
2	160.0	1536.0	2
2	160.0	1600.0	2
2	160.0	1664.0	2
2	160.0	1728.0	2
2	160.0	1792.0	2
2	224.0	1408.0	2
2	224.0	1472.0	2
2	224.0	1536.0	2
2	224.0	1600.0	2
2	224.0	1664.0	2
2	224.0	1728.0	2
2	224.0	1792.0	2
2	-32.0	1152.0	2
2	-32.0	1216.0	2
2	-32.0	1280.0	2
6	416.0	1280.0	
6	416.0	1024.0	
6	416.0	960.0	
6	416.0	896.0	
2	352.0	1280.0	2
2	352.0	960.0	2
2	352.0	896.0	2
2	32.0	1280.0	2
2	96.0	1280.0	2
2	160.0	1280.0	2
2	224.0	1280.0	2
2	288.0	1280.0	2
2	32.0	896.0	2
2	32.0	960.0	2
2	96.0	896.0	2
2	96.0	960.0	2
2	160.0	896.0	2
2	160.0	960.0	2
2	224.0	896.0	2
2	224.0	960.0	2
2	288.0	896.0	2
2	288.0	960.0	2
6	480.0	896.0	
6	544.0	896.0	
6	608.0	896.0	
6	672.0	896.0	
6	736.0	896.0	
6	736.0	960.0	
6	736.0	1024.0	
6	736.0	1088.0	
6	352.0	1024.0	
6	288.0	1024.0	
6	224.0	1024.0	
6	160.0	1024.0	
6	96.0	1024.0	
6	32.0	1024.0	
6	32.0	1088.0	
6	32.0	1152.0	
6	32.0	1216.0	
------Decorations------
1	900	400
------Items------
3	-9999	-9999
2	-9999	-9999
5	-9999	-9999
9	-9999	-9999
10	-9999	-9999
